K-means clustering with 5 clusters of sizes 8, 53, 19, 10, 10

Cluster means:
          1         2         3         4         5         6         7         8         9        10        11        12
1 0.8766133 0.8199026 0.8471145 0.8326519 0.8235543 0.8366644 0.7988146 0.5856341 0.7591758 0.6336875 0.5683674 0.7123661
2 0.9534499 0.8446316 0.7950288 0.8167304 0.8639996 0.8176622 0.7294152 0.4716193 0.7243224 0.6072058 0.4837724 0.6859282
3 0.9268101 0.8310020 0.8042169 0.8183751 0.8564852 0.8227833 0.7424235 0.5226042 0.7228168 0.6284722 0.5199575 0.6918324
4 0.8943173 0.8234590 0.8191038 0.8262889 0.8508492 0.8376146 0.7691083 0.5891485 0.7377436 0.6810704 0.5775905 0.7066944
5 0.7349952 0.7300673 0.8223123 0.7765490 0.7356046 0.7178111 0.7163036 0.8446049 0.7184520 0.8238086 0.7552933 0.6704935
         13        14        15        16        17        18         19        20        21        22        23        24
1 0.5486938 0.5750996 0.4827899 0.5221290 0.4893104 0.4968353 0.45691832 0.4853612 0.5337143 0.4688760 0.5008472 0.5665531
2 0.4090335 0.5055470 0.1274719 0.2167281 0.1300657 0.1784031 0.08782202 0.1289137 0.3975687 0.1058277 0.1861299 0.3333337
3 0.4606484 0.5416626 0.2185739 0.2758870 0.2227112 0.2448163 0.18342352 0.2202497 0.4443936 0.2000750 0.2515477 0.3875729
4 0.5320133 0.5878363 0.3396366 0.3964912 0.3387981 0.3613138 0.30883921 0.3371812 0.5127290 0.3189133 0.3665885 0.4316005
5 0.8002641 0.7674397 0.8041749 0.8078170 0.8035435 0.7925258 0.79463727 0.8035952 0.8253498 0.8009531 0.7919425 0.7419558
         25        26        27        28        29        30        31        32        33        34        35        36
1 0.4747755 0.4759039 0.4963410 0.5129834 0.5546934 0.5651476 0.5251424 0.5301110 0.4899071 0.4846987 0.4772142 0.5475158
2 0.1211281 0.1204898 0.1836999 0.2116455 0.4495153 0.3561423 0.2450051 0.4004423 0.1374108 0.1422799 0.1766816 0.2878433
3 0.2116710 0.2130466 0.2470411 0.2699545 0.4932252 0.3998298 0.2969773 0.4448373 0.2267152 0.2316435 0.2425412 0.3509557
4 0.3298555 0.3211725 0.3685897 0.3830330 0.5517352 0.4302145 0.4162874 0.5194459 0.3418663 0.3425276 0.3456984 0.3919687
5 0.8016772 0.7993680 0.7981588 0.8034273 0.8228422 0.7987659 0.8174817 0.8189024 0.8049499 0.7986611 0.7300637 0.8022929
         37        38        39        40        41        42        43        44        45        46        47        48
1 0.5659433 0.5163214 0.5764126 0.5067923 0.5780871 0.4885362 0.4848291 0.5248731 0.6082101 0.4627324 0.4918021 0.5108210
2 0.3240356 0.2149094 0.3123671 0.1820044 0.2919542 0.1372550 0.1449959 0.2478853 0.3609641 0.1159723 0.1726400 0.1978676
3 0.3697997 0.2667603 0.3667524 0.2444852 0.3588436 0.2210218 0.2266535 0.2894649 0.4164023 0.2055176 0.2324178 0.2553279
4 0.3964020 0.3757925 0.4113717 0.3608241 0.4040058 0.3272033 0.3360024 0.3955268 0.4351933 0.3233062 0.3320665 0.3590036
5 0.7808324 0.7746041 0.8044844 0.7906103 0.8249808 0.7902304 0.7872301 0.7676128 0.8302941 0.7688298 0.7683730 0.7830746
         49        50        51        52        53        54        55        56         57        58        59        60
1 0.5881627 0.7662737 0.4741549 0.5536178 0.4827877 0.5339079 0.5398111 0.4644399 0.44336817 0.4667740 0.4711440 0.4763823
2 0.3413044 0.6458738 0.1281844 0.2756134 0.1284724 0.2112795 0.2717922 0.1124554 0.09429986 0.1223714 0.1103437 0.1629529
3 0.3968860 0.6657993 0.2116312 0.3300363 0.2105849 0.2702901 0.3227099 0.1981876 0.18204262 0.2057810 0.2018908 0.2254639
4 0.4155560 0.6924310 0.3188496 0.3802793 0.3163127 0.3804502 0.3671466 0.3140960 0.30003818 0.3141376 0.3218493 0.3364029
5 0.8191210 0.7961580 0.7835523 0.7874627 0.7892336 0.8127090 0.7674200 0.7778864 0.74980052 0.7729456 0.7930072 0.7587199
          61        62        63        64        65        66         67         68        69        70        71        72
1 0.46183944 0.5031176 0.4633477 0.4906045 0.5057213 0.4544769 0.45073437 0.44564207 0.4562757 0.4618246 0.4671804 0.4703925
2 0.08243072 0.1833773 0.1045668 0.1632014 0.1721108 0.0777686 0.07156872 0.08362395 0.1120159 0.0982814 0.1097863 0.1056623
3 0.17823067 0.2452704 0.1941591 0.2321559 0.2422821 0.1710533 0.16627529 0.17617912 0.1984803 0.1901524 0.1991792 0.1969272
4 0.30244266 0.3640114 0.3154659 0.3547634 0.3597539 0.2957764 0.29128678 0.29841954 0.3212102 0.3053581 0.3180904 0.3176628
5 0.79792605 0.7955073 0.7834525 0.7851069 0.8052052 0.7890879 0.78497757 0.77045326 0.7779016 0.7895166 0.7911069 0.7960819
          73         74        75         76        77        78        79         80        81         82         83
1 0.45730053 0.45377903 0.4730405 0.45390186 0.4632158 0.4761593 0.4710784 0.45959855 0.4819682 0.45085257 0.45320911
2 0.09892977 0.09982125 0.1118095 0.07014742 0.1226679 0.1270944 0.1187533 0.09967559 0.1337653 0.06986535 0.06489028
3 0.18846790 0.18781217 0.2042482 0.16773177 0.2062774 0.2128968 0.2088759 0.19112103 0.2213870 0.16688223 0.16374988
4 0.31319301 0.31005907 0.3275046 0.29375345 0.3192432 0.3289228 0.3268282 0.31507130 0.3378887 0.29542140 0.29300401
5 0.78190691 0.77986129 0.7977704 0.79444842 0.7742363 0.7915968 0.7800061 0.78931701 0.7887765 0.79248965 0.79804801
         84        85        86        87        88        89         90         91        92        93         94         95
1 0.4584584 0.4683334 0.4525030 0.4854829 0.5548057 0.4631531 0.44136152 0.45563223 0.4858854 0.4748671 0.45972618 0.45212209
2 0.1129183 0.1080585 0.0779081 0.1387109 0.2431389 0.1040676 0.07877418 0.09159574 0.1802357 0.1377107 0.08741111 0.07089023
3 0.2007950 0.1977639 0.1732863 0.2233118 0.3075905 0.1953418 0.17104504 0.18067402 0.2396844 0.2205790 0.18272263 0.16820004
4 0.3184371 0.3191228 0.2988537 0.3444079 0.4236480 0.3155978 0.29344489 0.30400659 0.3493530 0.3314606 0.30335792 0.29418351
5 0.7764955 0.7918071 0.7863160 0.8000284 0.8315388 0.7830884 0.76886735 0.78284365 0.7623558 0.7786239 0.78995664 0.79401517
          96        97        98         99       100
1 0.45722259 0.4589413 0.4646581 0.45924114 0.4513370
2 0.07899545 0.1004534 0.1142848 0.09060158 0.0654546
3 0.17487510 0.1903090 0.1990515 0.18168055 0.1633047
4 0.30040333 0.3084378 0.3145850 0.30723219 0.2926370
5 0.79128621 0.7747264 0.7735344 0.78929921 0.7941974

Clustering vector:
  1   2   3   4   5   6   7   8   9  10  11  12  13  14  15  16  17  18  19  20  21  22  23  24  25  26  27  28  29  30  31 
  5   5   5   5   5   5   5   1   5   1   1   5   1   1   2   3   2   3   2   2   1   2   3   4   2   2   3   3   1   4   3 
 32  33  34  35  36  37  38  39  40  41  42  43  44  45  46  47  48  49  50  51  52  53  54  55  56  57  58  59  60  61  62 
  1   2   2   3   4   4   3   4   3   4   2   2   3   4   2   3   3   4   5   2   4   2   3   4   2   2   2   2   3   2   3 
 63  64  65  66  67  68  69  70  71  72  73  74  75  76  77  78  79  80  81  82  83  84  85  86  87  88  89  90  91  92  93 
  2   3   3   2   2   2   2   2   2   2   2   2   2   2   2   2   2   2   2   2   2   2   2   2   2   3   2   2   2   3   2 
 94  95  96  97  98  99 100 
  2   2   2   2   2   2   2 

Within cluster sum of squares by cluster:
[1]  5.849463  2.936238  2.776550  2.909846 13.227957
 (between_SS / total_SS =  92.3 %)
