K-means clustering with 5 clusters of sizes 28, 1, 27, 27, 17

Cluster means:
          1         2         3         4         5         6         7         8         9        10        11        12
1  87.00981  73.38780  72.72132  73.65100  80.64261  76.11185  71.73541  67.75077  72.59687  68.21697  65.90389  72.32889
2 144.42645 137.90939 138.02898 138.03623 141.29756 139.79628 137.89126 136.18737 137.44453 136.64919 135.63923 137.89489
3  69.37608  52.04847  51.70721  53.55761  63.07976  58.03754  52.66611  47.60363  54.76896  49.79754  46.86104  55.91224
4  50.55707  27.56218  27.87426  31.70253  45.08531  38.58189  31.87292  25.07747  37.19313  30.79233  26.48348  39.25713
5 107.96253  97.40246  96.62003  97.09453 102.04998  98.44630  94.99165  91.81585  95.12607  91.74216  89.69113  94.02365
         13        14        15        16        17        18        19        20        21        22        23        24
1  64.09269  65.20221  60.70000  60.33510  59.02252  58.31055  56.96339  56.46381  60.49431  54.62692  54.75244  57.46589
2 135.18506 135.35878 134.23114 134.10817 133.68994 133.18033 133.11273 133.00376 133.70116 132.35180 132.37447 133.52528
3  45.48467  47.58117  41.80826  41.92702  40.73931  40.53467  39.18337  39.24046  45.04581  37.93776  38.90315  43.30533
4  26.17061  30.04501  21.85810  23.49486  22.22693  23.34751  21.80010  23.05628  33.12051  23.21411  25.95285  31.99559
5  87.90443  88.39946  85.02134  84.33661  83.30659  82.49075  81.32245  80.64339  83.08883  78.80559  78.48175  80.10584
         25        26        27        28        29        30        31        32        33        34        35        36
1  52.38137  51.57467  51.94659  52.09472  63.16696  57.14669  51.87172  60.21362  47.16470  46.63821  46.99662  52.77904
2 132.02651 131.73458 131.90148 132.04923 135.38833 133.03383 132.23842 135.01852 131.16783 130.89309 130.88163 132.71775
3  37.07682  36.59586  37.96151  37.90409  51.12682  44.84333  39.53274  49.44691  35.31853  35.46634  36.76767  43.50180
4  25.10913  25.72937  28.65487  31.57008  49.11620  42.56144  35.97870  48.83099  32.16143  33.23602  34.91785  44.50649
5  76.38427  75.57477  75.48340  75.18112  82.62713  77.48732  74.09787  79.55575  70.35197  69.63285  69.53745  72.88267
         37        38        39        40        41        42        43        44        45        46        47        48
1  55.05485  47.68483  54.48003  45.34478  52.89492  42.11559  42.10008  49.30676  60.97629  38.96530  42.65505  44.92056
2 131.84461 130.83960 132.49151 130.39939 132.74788 129.62639 129.73820 131.02671 136.23509 130.14991 128.67789 128.88755
3  45.91636  39.00225  46.42914  37.88628  46.47545  35.66787  36.52800  44.08254  56.09647  35.94406  39.10776  41.93380
4  48.60654  41.20389  49.69436  40.88665  50.62409  40.09884  41.58584  50.21493  62.81057  41.83097  47.39082  50.27869
5  74.40193  69.03048  73.34296  66.78042  71.69126  63.91198  63.50656  67.92809  76.71479  60.35986  62.37727  63.55567
         49       50        51        52        53        54        55        56        57        58        59        60
1  60.66051 132.4839  38.26203  53.93838  37.97815  46.73079  54.68717  34.55746  32.27497  35.46972  34.01322  39.87164
2 137.46272   0.0000 129.12010 130.00000 127.08265 131.82944 131.85219 129.82681 130.15760 130.18064 130.72873 131.47623
3  57.65422 131.6074  38.26199  52.13908  38.87247  47.28304  54.20371  40.68177  39.43999  42.74308  42.80067  48.67083
4  65.98242 135.5810  48.05946  62.39861  50.13143  58.22953  65.83450  51.51249  50.38013  54.41763  54.32706  60.17387
5  75.26636 139.3676  57.91521  68.71439  56.91200  62.95281  68.55258  53.99146  52.12373  53.73098  52.32385  56.29165
         61        62        63        64        65        66        67        68        69        70        71        72
1  30.19313  43.13440  32.73901  40.83999  42.19995  28.75998  27.89811  30.03856  34.62081  32.50763  34.85371  34.32863
2 130.52586 133.34542 130.86634 133.38666 133.75350 130.28814 130.55267 131.05724 132.49528 131.90527 132.35180 132.60468
3  40.78028  52.55676  44.52467  52.00876  53.90375  43.15863  43.05159  45.20930  49.89173  48.67343  50.97129  51.27910
4  53.72058  64.17578  57.68654  64.15139  66.42807  58.13735  58.40078  60.39065  64.59548  64.15113  66.31833  66.83330
5  48.99210  58.43873  50.15849  55.79728  57.15803  45.86005  44.42573  45.38956  48.73490  46.95894  47.96528  47.26129
         73        74        75        76        77        78        79        80        81        82        83        84
1  33.24206  33.98036  36.17117  28.47413  39.49874  40.87411  39.79503  36.40509  45.72004  30.96353  30.23015  43.17151
2 132.92855 132.88341 134.37262 132.27245 134.07461 134.35401 135.22574 134.90738 136.97445 133.83572 133.88428 136.22041
3  51.23293  52.03190  54.70696  49.52917  57.46492  58.83418  58.66236  56.89510  62.71017  54.10569  54.14425  62.36038
4  67.25871  68.32000  70.56703  67.04905  73.91283  75.37510  75.11579  74.19425  79.14967  72.68246  73.07631  79.92082
5  46.11961  45.66227  47.92563  40.59572  49.20819  50.05394  48.31435  44.93370  48.04541  38.24191  36.97093  44.25953
         85        86        87        88        89        90        91        92        93        94        95        96
1  42.65672  35.02346  51.37548  74.51732  44.35226  38.40497  42.46298  63.90155  55.20371  43.53159  39.65155  42.67634
2 136.65284 135.30706 140.13922 150.65192 137.64447 136.04411 136.93794 142.68497 140.82613 138.17742 137.52818 138.56767
3  62.47726  58.75778  69.53659  88.44484  65.35595  61.98223  64.85606  80.44154  74.44107  67.05927  65.11766  67.47541
4  80.35204  77.71865  86.60516 102.69973  83.93023  81.48887  84.23122  97.61118  92.63881  86.78074  85.57110  87.65184
5  43.34030  38.94069  47.23939  67.25827  43.09374  38.27031  40.70547  59.20416  51.39732  40.25218  36.68012  38.28451
         97        98        99       100
1  49.21830  53.83817  48.55595  41.96416
2 140.08926 140.35313 140.58094 139.17615
3  71.99927  75.26497  72.43703  68.76506
4  91.57939  94.91419  92.50707  89.82605
5  44.16004  47.37659  40.54390  35.67052

Clustering vector:

  1   2   3   4   5   6   7   8   9  10  11  12  13  14  15  16  17  18  19  20  21  22  23  24  25  26  27  28  29  30  31 
  4   4   4   4   4   4   4   4   4   4   4   4   4   4   4   4   4   4   4   4   4   4   4   4   4   4   4   3   3   3   3 

 32  33  34  35  36  37  38  39  40  41  42  43  44  45  46  47  48  49  50  51  52  53  54  55  56  57  58  59  60  61  62 
  3   3   3   3   3   3   3   3   3   3   3   3   3   3   3   3   3   3   2   3   3   3   3   3   1   1   1   1   1   1   1 

 63  64  65  66  67  68  69  70  71  72  73  74  75  76  77  78  79  80  81  82  83  84  85  86  87  88  89  90  91  92  93 
  1   1   1   1   1   1   1   1   1   1   1   1   1   1   1   1   1   1   5   1   1   5   5   1   5   5   5   5   5   5   5 

 94  95  96  97  98  99 100 
  5   5   5   5   5   5   5 

Within cluster sum of squares by cluster:
143071.1  0.0  222072.0  227300.7  144162.2
 (between_SS / total_SS =  79.9 %)
