K-means clustering with 5 clusters of sizes 17, 16, 18, 33, 16

Cluster means:
          1         2         3         4         5         6         7         8         9        10        11        12
1 0.9438084 0.9564883 0.9777417 0.9541714 0.9447412 0.9539264 0.9561674 0.9728865 0.9449635 0.9665887 0.9655923 0.9541120
2 0.9456643 0.9591367 0.9722189 0.9642475 0.9526203 0.9565440 0.9606017 0.9725544 0.9548857 0.8893406 0.9606367 0.9545263
3 0.8722365 0.8775660 0.9670355 0.8966774 0.8719588 0.8758779 0.8804466 0.9627480 0.8814790 0.9598348 0.8723433 0.8714913
4 0.9399120 0.9587875 0.9631306 0.9622063 0.9437802 0.9499164 0.9605390 0.9723838 0.9515037 0.9594833 0.9635776 0.9463614
5 0.9732154 0.9712542 0.9122657 0.9760927 0.9739760 0.9698191 0.9719677 0.9146095 0.9796387 0.9770388 0.9784721 0.9753204
         13        14        15        16        17        18        19        20        21        22        23        24
1 0.9670238 0.9587423 0.9874045 0.9774849 0.9879348 0.9620059 0.9843947 0.9824547 0.9558893 0.9841709 0.9581116 0.9662486
2 0.9544938 0.9625348 0.9884876 0.9699180 0.9870994 0.8932680 0.9768873 0.9722947 0.9595583 0.9808836 0.9570535 0.9656497
3 0.8836162 0.8698776 0.9799601 0.9660357 0.9813927 0.9634419 0.9824436 0.9777233 0.9601102 0.9826469 0.9569619 0.8950715
4 0.9662004 0.9618237 0.9867152 0.9681354 0.9878590 0.9637409 0.9834162 0.9763090 0.9228774 0.9791294 0.9261905 0.9640196
5 0.9724851 0.9786848 0.9130149 0.9079279 0.9211217 0.9714979 0.9168197 0.9143133 0.9664014 0.9145917 0.9628945 0.9756271
         25        26        27        28        29        30        31        32        33        34        35        36
1 0.9807243 0.9786928 0.9656222 0.9616062 0.9547361 0.9492216 0.9694664 0.9540704 0.9786352 0.9653691 0.9581991 0.9525629
2 0.9750622 0.9770852 0.9595033 0.9590500 0.9570716 0.9528949 0.9707788 0.9589732 0.9815672 0.9631157 0.9604243 0.9554423
3 0.9748888 0.9771045 0.9640652 0.9636435 0.9549852 0.9530630 0.9722073 0.9593942 0.9785590 0.9632827 0.8804646 0.9512340
4 0.9730271 0.9781069 0.9284580 0.9241397 0.9121602 0.9067205 0.9302814 0.9125532 0.9784522 0.9617605 0.9624107 0.9170086
5 0.9133168 0.9161495 0.9770348 0.9708763 0.9779903 0.9760931 0.9782660 0.9725769 0.9183617 0.9103821 0.9707883 0.9667638
         37        38        39        40        41        42        43        44        45        46        47        48
1 0.8528889 0.8793370 0.8668565 0.8846443 0.8843771 0.8781987 0.8797839 0.8695727 0.8777577 0.9740820 0.8573321 0.8665105
2 0.9463501 0.9640886 0.9648768 0.9654900 0.9561204 0.9699681 0.9571680 0.9539689 0.9562765 0.9737399 0.9498133 0.9646298
3 0.9467314 0.9607262 0.9540504 0.9604084 0.9619097 0.9654127 0.9554531 0.9454195 0.9594922 0.8909035 0.9510998 0.9683262
4 0.9442238 0.9596761 0.9592397 0.9663526 0.9597551 0.9676243 0.9552646 0.9523750 0.9562389 0.9743640 0.9517048 0.9645457
5 0.9726697 0.9798969 0.9817851 0.9810224 0.9811437 0.9802730 0.9782634 0.9788534 0.9779130 0.9775896 0.9770188 0.9834069
         49        50        51        52        53        54        55        56        57        58        59        60
1 0.9502155 0.8652909 0.8611489 0.8572293 0.8635239 0.8735994 0.8507355 0.9477676 0.9629552 0.9380676 0.9609145 0.9472423
2 0.9580257 0.9554250 0.9455510 0.9524404 0.9580182 0.9608415 0.9416988 0.9627722 0.9582259 0.9534834 0.9530664 0.9365715
3 0.9632092 0.9604092 0.9513701 0.9555761 0.9640845 0.9697996 0.9499194 0.9601921 0.8749275 0.9545948 0.9583884 0.9495166
4 0.9266157 0.9493975 0.9501878 0.9496115 0.9594335 0.9640810 0.9441625 0.9242792 0.9610148 0.9199137 0.9265442 0.9119761
5 0.9832071 0.9824600 0.9728128 0.9798253 0.9823275 0.9820181 0.9733408 0.9780243 0.9695938 0.9761777 0.9736838 0.9770832
         61        62        63        64        65        66        67        68        69        70        71        72
1 0.9769514 0.9509685 0.9607024 0.9557825 0.9572513 0.9565808 0.9761564 0.9634821 0.9524879 0.9556754 0.9496100 0.9562586
2 0.9705872 0.9547665 0.8828244 0.9483935 0.8758463 0.8869162 0.9722208 0.9625470 0.8744678 0.8679362 0.8799490 0.8771434
3 0.9776687 0.9649411 0.9549598 0.9555495 0.9632564 0.9655499 0.9717691 0.8978980 0.9440165 0.9548877 0.9582603 0.9612551
4 0.9758090 0.9244407 0.9620212 0.9223574 0.9606497 0.9679353 0.9775988 0.9646228 0.9454231 0.9576947 0.9521450 0.9633180
5 0.9205419 0.9857379 0.9763198 0.9768591 0.9805638 0.9783724 0.9183333 0.9777160 0.9736299 0.9670616 0.9777684 0.9759618
         73        74        75        76        77        78        79        80        81        82        83        84
1 0.9575562 0.9482296 0.9596669 0.9704527 0.9464036 0.9476859 0.9572144 0.9589386 0.9548251 0.9710227 0.9838867 0.9474494
2 0.8819446 0.8776012 0.8775128 0.8865286 0.8817626 0.8888304 0.9568451 0.8950412 0.9614635 0.9683148 0.9857828 0.9489439
3 0.9615913 0.9492154 0.9584365 0.9677025 0.9529334 0.9648603 0.8933305 0.9621020 0.9528271 0.9634324 0.9849421 0.9449552
4 0.9591404 0.9456396 0.9599920 0.9712893 0.9473280 0.9595576 0.9614915 0.9586399 0.9275683 0.9632157 0.9818223 0.9129823
5 0.9776041 0.9708532 0.9740202 0.9749059 0.9770321 0.9793204 0.9773796 0.9821293 0.9813484 0.9145565 0.9210221 0.9725989
         85        86        87        88        89        90        91        92        93        94        95        96
1 0.9667905 0.9650026 0.9653488 0.9767625 0.9512166 0.9559286 0.9481467 0.9369008 0.9504622 0.9616366 0.9600191 0.9689169
2 0.9695784 0.9626781 0.9657041 0.9749860 0.9509991 0.9567679 0.9567825 0.9517111 0.9516271 0.9641465 0.9655897 0.9701102
3 0.9694426 0.9599046 0.9593610 0.9753352 0.9534727 0.8783929 0.9594831 0.9494270 0.9467606 0.9554609 0.9670434 0.9696479
4 0.9284660 0.9220199 0.9076306 0.9286240 0.9138780 0.9558733 0.9168917 0.9092186 0.9106711 0.9223448 0.9253066 0.9270770
5 0.9798003 0.9676050 0.9742117 0.9800389 0.9720072 0.9709667 0.9764648 0.9788693 0.9771214 0.9788891 0.9740273 0.9804578
         97        98        99       100
1 0.9519615 0.9407138 0.9607475 0.9724923
2 0.9554058 0.9525274 0.9605188 0.9661935
3 0.9468015 0.9429134 0.9586919 0.9684914
4 0.9159723 0.9046964 0.9099836 0.9269193
5 0.9719510 0.9730847 0.9753056 0.9757201

Clustering vector:
  1   2   3   4   5   6   7   8   9  10  11  12  13  14  15  16  17  18  19  20  21  22  23  24  25  26  27  28  29  30  31 
  3   3   5   3   3   3   3   5   3   2   3   3   3   3   5   5   5   2   5   5   4   5   4   3   5   5   4   4   4   4   4 
 32  33  34  35  36  37  38  39  40  41  42  43  44  45  46  47  48  49  50  51  52  53  54  55  56  57  58  59  60  61  62 
  4   5   5   3   4   1   1   1   1   1   1   1   1   1   3   1   1   4   1   1   1   1   1   1   4   3   4   4   4   5   4 
 63  64  65  66  67  68  69  70  71  72  73  74  75  76  77  78  79  80  81  82  83  84  85  86  87  88  89  90  91  92  93 
  2   4   2   2   5   3   2   2   2   2   2   2   2   2   2   2   3   2   4   5   5   4   4   4   4   4   4   3   4   4   4 
 94  95  96  97  98  99 100 
  4   4   4   4   4   4   4 

Within cluster sum of squares by cluster:
[1] 13.88746 13.49479 15.11011 29.35407 14.48461
 (between_SS / total_SS =   8.2 %)